 &InitialConditions
 DaysSinceRain=           0
 Temp_C0=  -8.8501742160278701E-002
 GDD_1_0=   0.0000000000000000     
 GDD_2_0=   0.0000000000000000     
 LAIinitialEveTr=   4.0000000000000000     
 LAIinitialDecTr=   1.0000000000000000     
 LAIinitialGrass=   1.6000000000000001     
 AlbEveTr0=  0.11000000000000000     
 AlbDecTr0=  0.12000000000000000     
 AlbGrass0=  0.17999999999999999     
 DecidCap0=  0.29999999999999999     
 Porosity0=  0.59999999999999998     
 SoilStorePavedState=   149.98849731569766     
 SoilStoreBldgsState=   149.98849733832645     
 SoilStoreEveTrState=   149.99999737391124     
 SoilStoreDecTrState=   149.99999694559156     
 SoilStoreGrassState=   149.99999693186246     
 SoilStoreBSoilState=   149.98838841863471     
 PavedState=   0.0000000000000000     
 BldgsState=   0.0000000000000000     
 EveTrState=  0.25318437032291197     
 DecTrState=   8.9461078071424616E-002
 GrassState=  0.30345678689493660     
 BSoilState=   0.0000000000000000     
 WaterState=  0.32318813898101989     
 SnowWaterPavedState=   0.0000000000000000     
 SnowWaterBldgsState=   0.0000000000000000     
 SnowWaterEveTrState=   0.0000000000000000     
 SnowWaterDecTrState=   0.0000000000000000     
 SnowWaterGrassState=   0.0000000000000000     
 SnowWaterBSoilState=   0.0000000000000000     
 SnowWaterWaterState=   0.0000000000000000     
 SnowPackPaved=   7.5466365010203287     
 SnowPackBldgs=   2.0206402963047974     
 SnowPackEveTr=   4.5880999572998480     
 SnowPackDecTr=   1.0762423905761691E-003
 SnowPackGrass=   4.5872176649978158     
 SnowPackBSoil=   0.0000000000000000     
 SnowPackWater=   0.0000000000000000     
 SnowFracPaved=   3.5710990549599150E-003
 SnowFracBldgs=   8.0031112245308733E-003
 SnowFracEveTr=  0.94999998807907104     
 SnowFracDecTr=  0.94999998807907104     
 SnowFracGrass=  0.94999998807907104     
 SnowFracBSoil=   0.0000000000000000     
 SnowFracWater=   0.0000000000000000     
 SnowDensPaved=   129.55877407534484     
 SnowDensBldgs=   127.72910150495937     
 SnowDensEveTr=   130.72169414626092     
 SnowDensDecTr=   100.41295064089638     
 SnowDensGrass=   130.72271903710117     
 SnowDensBSoil=   100.00000000000000     
 SnowDensWater=   100.02430471163217     
 SnowAlb0=  0.17999999999999999     
 /
