 &InitialConditions
 DaysSinceRain=           0
 Temp_C0=  -8.8501742160278701E-002
 GDD_1_0=   0.0000000000000000     
 GDD_2_0=   0.0000000000000000     
 LAIinitialEveTr=   4.0000000000000000     
 LAIinitialDecTr=   1.0000000000000000     
 LAIinitialGrass=   1.6000000000000001     
 AlbEveTr0=  0.11000000000000001     
 AlbDecTr0=  0.12000000000000000     
 AlbGrass0=  0.17999999999999999     
 DecidCap0=  0.30000000000000004     
 Porosity0=  0.60000000000000020     
 SoilStorePavedState=   149.98852631337533     
 SoilStoreBldgsState=   149.98852668550890     
 SoilStoreEveTrState=   149.99997409485755     
 SoilStoreDecTrState=   149.99997342502198     
 SoilStoreGrassState=   149.99997355324697     
 SoilStoreBSoilState=   149.98783429188774     
 PavedState=   0.0000000000000000     
 BldgsState=   0.0000000000000000     
 EveTrState=  0.15167711769842640     
 DecTrState=   8.4709901246359701E-002
 GrassState=  0.19823872102258211     
 BSoilState=   0.0000000000000000     
 WaterState=  0.31344414803292064     
 SnowWaterPavedState=   0.0000000000000000     
 SnowWaterBldgsState=   0.0000000000000000     
 SnowWaterEveTrState=   0.0000000000000000     
 SnowWaterDecTrState=   0.0000000000000000     
 SnowWaterGrassState=   0.0000000000000000     
 SnowWaterBSoilState=   0.0000000000000000     
 SnowWaterWaterState=   0.0000000000000000     
 SnowPackPaved=   6.0683354727764645     
 SnowPackBldgs=  0.70683334510939055     
 SnowPackEveTr=   2.5353589756544202E-003
 SnowPackDecTr=   2.5353589756544202E-003
 SnowPackGrass=   2.5353589756544202E-003
 SnowPackBSoil=   0.0000000000000000     
 SnowPackWater=   0.0000000000000000     
 SnowFracPaved=   2.3060498610793273E-003
 SnowFracBldgs=   2.8044240503167285E-003
 SnowFracEveTr=  0.94999998807907104     
 SnowFracDecTr=  0.94999998807907104     
 SnowFracGrass=  0.94999998807907104     
 SnowFracBSoil=   0.0000000000000000     
 SnowFracWater=   0.0000000000000000     
 SnowDensPaved=   127.26389318253740     
 SnowDensBldgs=   125.90330808760393     
 SnowDensEveTr=   100.17009754238654     
 SnowDensDecTr=   100.17009754238654     
 SnowDensGrass=   100.17009754238654     
 SnowDensBSoil=   100.00000000000000     
 SnowDensWater=   100.02430471163217     
 SnowAlb0=  0.17999999999999999     
 /
