 &InitialConditions
 DaysSinceRain=           1
 Temp_C0=  -8.4320557491289180E-002
 GDD_1_0=   0.0000000000000000     
 GDD_2_0=  -13.199999999999999     
 LAIinitialEveTr=   4.0000000000000000     
 LAIinitialDecTr=   1.0000000000000000     
 LAIinitialGrass=   1.6000000000000001     
 AlbEveTr0=  0.14636363636363636     
 AlbDecTr0=  0.13333333333333333     
 AlbGrass0=  0.19116279069767442     
 DecidCap0=  0.41111111111111109     
 Porosity0=  0.51111111111111107     
 SoilStorePavedState=   150.00000000000000     
 SoilStoreBldgsState=   150.00000000000000     
 SoilStoreEveTrState=   150.00000000000000     
 SoilStoreDecTrState=   150.00000000000000     
 SoilStoreGrassState=   150.00000000000000     
 SoilStoreBSoilState=   150.00000000000000     
 PavedState=   0.0000000000000000     
 BldgsState=   0.0000000000000000     
 EveTrState=  0.12367032221242445     
 DecTrState=   6.3428981339515605E-002
 GrassState=  0.17130700077274863     
 BSoilState=   8.9936905648516183E-002
 WaterState=   20000.000000000000     
 /
