 &InitialConditions
 DaysSinceRain=           0
 Temp_C0=  -8.8501742160278701E-002
 GDD_1_0=   0.0000000000000000     
 GDD_2_0=  -59.927083333333336     
 LAIinitialEveTr=   4.0000000000000000     
 LAIinitialDecTr=   1.0000000000000000     
 LAIinitialGrass=   1.6000000000000001     
 AlbEveTr0=  0.11000000000000000     
 AlbDecTr0=  0.12000000000000000     
 AlbGrass0=  0.17999999999999999     
 DecidCap0=  0.29999999999999999     
 Porosity0=  0.59999999999999998     
 SoilStorePavedState=   149.98847328953792     
 SoilStoreBldgsState=   149.98847323063413     
 SoilStoreEveTrState=   149.99997673677677     
 SoilStoreDecTrState=   149.99997485267781     
 SoilStoreGrassState=   149.99997485892141     
 SoilStoreBSoilState=   149.98847447136862     
 PavedState=   2.7469507500609263E-005
 BldgsState=   1.4632918002590845E-008
 EveTrState=   1.6165867163485392E-005
 DecTrState=   2.9254968350361961E-005
 GrassState=   1.6952824197115704E-005
 BSoilState=   1.5267185604525399E-005
 WaterState=  0.49092665801603347     
 SnowWaterPavedState=   1.8104313387609512     
 SnowWaterBldgsState=   1.8101833234393245     
 SnowWaterEveTrState=   0.0000000000000000     
 SnowWaterDecTrState=   0.0000000000000000     
 SnowWaterGrassState=   0.0000000000000000     
 SnowWaterBSoilState=   0.0000000000000000     
 SnowWaterWaterState=   0.0000000000000000     
 SnowPackPaved=   63.281709072440172     
 SnowPackBldgs=   63.271203275903062     
 SnowPackEveTr=   7.7203510688072985     
 SnowPackDecTr=   7.7185340546782948     
 SnowPackGrass=   7.7270975754961801     
 SnowPackBSoil=   1.5268906577260450E-005
 SnowPackWater=   0.0000000000000000     
 SnowFracPaved=   1.0000000000000000     
 SnowFracBldgs=   1.0000000000000000     
 SnowFracEveTr=   1.0000000000000000     
 SnowFracDecTr=   1.0000000000000000     
 SnowFracGrass=   1.0000000000000000     
 SnowFracBSoil=   1.0000000000000000     
 SnowFracWater=   0.0000000000000000     
 SnowDensPaved=   132.85744545087607     
 SnowDensBldgs=   132.85744441764336     
 SnowDensEveTr=   129.36808578624027     
 SnowDensDecTr=   129.36795189112655     
 SnowDensGrass=   129.36819939161205     
 SnowDensBSoil=   100.00000000000000     
 SnowDensWater=   100.02430471163217     
 SnowAlb0=  0.17999999999999999     
 /
