 &InitialConditions
 DaysSinceRain=           0
 Temp_C0=   3.9343786295005852E-002
 GDD_1_0=   0.0000000000000000     
 GDD_2_0=  -45.739583333333329     
 LAIinitialEveTr=   4.0000000000000000     
 LAIinitialDecTr=   1.0000000000000000     
 LAIinitialGrass=   1.6000000000000001     
 AlbEveTr0=  0.11000000000000000     
 AlbDecTr0=  0.12000000000000000     
 AlbGrass0=  0.17999999999999999     
 DecidCap0=  0.29999999999999999     
 Porosity0=  0.59999999999999998     
 SoilStorePavedState=   149.92556423175179     
 SoilStoreBldgsState=   149.92559897082023     
 SoilStoreEveTrState=   149.90936885920914     
 SoilStoreDecTrState=   149.91608708011131     
 SoilStoreGrassState=   149.91607432499094     
 SoilStoreBSoilState=   149.91606189280972     
 PavedState=   0.0000000000000000     
 BldgsState=   0.0000000000000000     
 EveTrState=   0.0000000000000000     
 DecTrState=   0.0000000000000000     
 GrassState=   0.0000000000000000     
 BSoilState=   0.0000000000000000     
 WaterState=   8.7418453677540631E-003
 SnowWaterPavedState=   5.6745551763762983E-004
 SnowWaterBldgsState=   5.6745551763762983E-004
 SnowWaterEveTrState=   5.6745551763762983E-004
 SnowWaterDecTrState=   5.6745551763762983E-004
 SnowWaterGrassState=   5.6745551763762983E-004
 SnowWaterBSoilState=   5.6745551763762983E-004
 SnowWaterWaterState=   5.6747121398749488E-004
 SnowPackPaved=   8.7420938721880052E-003
 SnowPackBldgs=   8.7420938721880052E-003
 SnowPackEveTr=   8.7420938721880052E-003
 SnowPackDecTr=   8.7420938721880052E-003
 SnowPackGrass=   8.7420938721880052E-003
 SnowPackBSoil=   8.7420938721880052E-003
 SnowPackWater=   8.7417632735104778E-003
 SnowFracPaved=   1.0000000474974513E-003
 SnowFracBldgs=   1.0000000474974513E-003
 SnowFracEveTr=   9.2237110857142923E-003
 SnowFracDecTr=   9.2237110857142923E-003
 SnowFracGrass=   9.2237110857142923E-003
 SnowFracBSoil=   1.0000000000000000     
 SnowFracWater=   1.0000000000000000     
 SnowDensPaved=   100.25511510040724     
 SnowDensBldgs=   100.25511510040724     
 SnowDensEveTr=   100.25511510040724     
 SnowDensDecTr=   100.25511510040724     
 SnowDensGrass=   100.25511510040724     
 SnowDensBSoil=   100.25511510040724     
 SnowDensWater=   100.24297118079761     
 SnowAlb0=  0.17999999999999999     
 /
