 &InitialConditions
 DaysSinceRain=           0
 Temp_C0=   3.9343786295005852E-002
 GDD_1_0=   0.0000000000000000     
 GDD_2_0=  -45.739583333333329     
 LAIinitialEveTr=   4.0000000000000000     
 LAIinitialDecTr=   1.0000000000000000     
 LAIinitialGrass=   1.6000000000000001     
 AlbEveTr0=  0.11000000000000000     
 AlbDecTr0=  0.12000000000000000     
 AlbGrass0=  0.17999999999999999     
 DecidCap0=  0.29999999999999999     
 Porosity0=  0.59999999999999998     
 SoilStorePavedState=   149.92542726477549     
 SoilStoreBldgsState=   149.92546224870236     
 SoilStoreEveTrState=   149.90906829989908     
 SoilStoreDecTrState=   149.91585670174220     
 SoilStoreGrassState=   149.91584365090912     
 SoilStoreBSoilState=   149.91583092081865     
 PavedState=   0.0000000000000000     
 BldgsState=   0.0000000000000000     
 EveTrState=   0.0000000000000000     
 DecTrState=   0.0000000000000000     
 GrassState=   0.0000000000000000     
 BSoilState=   0.0000000000000000     
 WaterState=   8.7416878943142023E-003
 SnowWaterPavedState=   5.6744528704351447E-004
 SnowWaterBldgsState=   5.6744528704351447E-004
 SnowWaterEveTrState=   5.6744528704351447E-004
 SnowWaterDecTrState=   5.6744528704351447E-004
 SnowWaterGrassState=   5.6744528704351447E-004
 SnowWaterBSoilState=   5.6744528704351447E-004
 SnowWaterWaterState=   5.6746099195950802E-004
 SnowPackPaved=   8.7419362619236846E-003
 SnowPackBldgs=   8.7419362619236846E-003
 SnowPackEveTr=   8.7419362619236846E-003
 SnowPackDecTr=   8.7419362619236846E-003
 SnowPackGrass=   8.7419362619236846E-003
 SnowPackBSoil=   8.7419362619236846E-003
 SnowPackWater=   8.7416058055250837E-003
 SnowFracPaved=   1.0000000474974513E-003
 SnowFracBldgs=   1.0000000474974513E-003
 SnowFracEveTr=   9.2236281302737755E-003
 SnowFracDecTr=   9.2236281302737755E-003
 SnowFracGrass=   9.2236281302737755E-003
 SnowFracBSoil=   1.0000000000000000     
 SnowFracWater=   1.0000000000000000     
 SnowDensPaved=   100.25511510040724     
 SnowDensBldgs=   100.25511510040724     
 SnowDensEveTr=   100.25511510040724     
 SnowDensDecTr=   100.25511510040724     
 SnowDensGrass=   100.25511510040724     
 SnowDensBSoil=   100.25511510040724     
 SnowDensWater=   100.24297118079761     
 SnowAlb0=  0.17999999999999999     
 /
