 &InitialConditions
 DaysSinceRain=           0
 Temp_C0=   3.9343786295005852E-002
 GDD_1_0=   0.0000000000000000     
 GDD_2_0=  -45.739583333333329     
 LAIinitialEveTr=   4.0000000000000000     
 LAIinitialDecTr=   1.0000000000000000     
 LAIinitialGrass=   1.6000000000000001     
 AlbEveTr0=  0.11000000000000000     
 AlbDecTr0=  0.12000000000000000     
 AlbGrass0=  0.17999999999999999     
 DecidCap0=  0.29999999999999999     
 Porosity0=  0.59999999999999998     
 SoilStorePavedState=   149.93218347044802     
 SoilStoreBldgsState=   149.93224105606285     
 SoilStoreEveTrState=   149.90165858711202     
 SoilStoreDecTrState=   149.91533391691479     
 SoilStoreGrassState=   149.91532078613153     
 SoilStoreBSoilState=   149.91424110324215     
 PavedState=   8.1795988357674279E-002
 BldgsState=   8.1206668501820498E-002
 EveTrState=   8.3720923028294633E-002
 DecTrState=   8.3590439360428023E-002
 GrassState=   8.3786943197784847E-002
 BSoilState=   8.3061070251899283E-003
 WaterState=  0.30812416192966974     
 SnowWaterPavedState=   5.6770234867508610E-004
 SnowWaterBldgsState=   5.6770234867508610E-004
 SnowWaterEveTrState=   5.6770234867508610E-004
 SnowWaterDecTrState=   5.6770234867508610E-004
 SnowWaterGrassState=   5.6770234867508610E-004
 SnowWaterBSoilState=   5.6770234867508610E-004
 SnowWaterWaterState=   5.6770222057476191E-004
 SnowPackPaved=   8.7458964964165879E-003
 SnowPackBldgs=   8.7458964964165879E-003
 SnowPackEveTr=   8.7458964964165879E-003
 SnowPackDecTr=   8.7458964964165879E-003
 SnowPackGrass=   8.7458964964165879E-003
 SnowPackBSoil=   8.7458964964165879E-003
 SnowPackWater=   8.7458937596953529E-003
 SnowFracPaved=   1.0000000474974513E-003
 SnowFracBldgs=   1.0000000474974513E-003
 SnowFracEveTr=   9.2257123039047872E-003
 SnowFracDecTr=   9.2257123039047872E-003
 SnowFracGrass=   9.2257123039047872E-003
 SnowFracBSoil=   1.0000000000000000     
 SnowFracWater=   1.0000000000000000     
 SnowDensPaved=   100.25511510040724     
 SnowDensBldgs=   100.25511510040724     
 SnowDensEveTr=   100.25511510040724     
 SnowDensDecTr=   100.25511510040724     
 SnowDensGrass=   100.25511510040724     
 SnowDensBSoil=   100.25511510040724     
 SnowDensWater=   100.25509891576928     
 SnowAlb0=  0.17999999999999999     
 /
