 &InitialConditions
 DaysSinceRain=           0
 Temp_C0=  -8.8501742160278701E-002
 GDD_1_0=   0.0000000000000000     
 GDD_2_0=  -59.927083333333336     
 LAIinitialEveTr=   4.0000000000000000     
 LAIinitialDecTr=   1.0000000000000000     
 LAIinitialGrass=   1.6000000000000001     
 AlbEveTr0=  0.11000000000000000     
 AlbDecTr0=  0.12000000000000000     
 AlbGrass0=  0.17999999999999999     
 DecidCap0=  0.29999999999999999     
 Porosity0=  0.59999999999999998     
 SoilStorePavedState=   149.90532209149055     
 SoilStoreBldgsState=   149.90533821641679     
 SoilStoreEveTrState=   149.89473864016176     
 SoilStoreDecTrState=   149.89858207968385     
 SoilStoreGrassState=   149.89857462105672     
 SoilStoreBSoilState=   149.90027629617771     
 PavedState=   0.0000000000000000     
 BldgsState=   0.0000000000000000     
 EveTrState=   0.0000000000000000     
 DecTrState=   0.0000000000000000     
 GrassState=   0.0000000000000000     
 BSoilState=   0.0000000000000000     
 WaterState=   0.0000000000000000     
 SnowWaterPavedState=   0.0000000000000000     
 SnowWaterBldgsState=   0.0000000000000000     
 SnowWaterEveTrState=   0.0000000000000000     
 SnowWaterDecTrState=   0.0000000000000000     
 SnowWaterGrassState=   0.0000000000000000     
 SnowWaterBSoilState=   0.0000000000000000     
 SnowWaterWaterState=   9.9324475458887696E-004
 SnowPackPaved=   0.0000000000000000     
 SnowPackBldgs=   0.0000000000000000     
 SnowPackEveTr=   0.0000000000000000     
 SnowPackDecTr=   0.0000000000000000     
 SnowPackGrass=   0.0000000000000000     
 SnowPackBSoil=   0.0000000000000000     
 SnowPackWater=   0.0000000000000000     
 SnowFracPaved=   0.0000000000000000     
 SnowFracBldgs=   0.0000000000000000     
 SnowFracEveTr=   0.0000000000000000     
 SnowFracDecTr=   0.0000000000000000     
 SnowFracGrass=   0.0000000000000000     
 SnowFracBSoil=   0.0000000000000000     
 SnowFracWater=   0.0000000000000000     
 SnowDensPaved=   100.00000000000000     
 SnowDensBldgs=   100.00000000000000     
 SnowDensEveTr=   100.00000000000000     
 SnowDensDecTr=   100.00000000000000     
 SnowDensGrass=   100.00000000000000     
 SnowDensBSoil=   100.00000000000000     
 SnowDensWater=   100.00000000000000     
 SnowAlb0=   0.0000000000000000     
 /
