 &InitialConditions
 DaysSinceRain=           1
 Temp_C0=   8.2283333333333317     
 GDD_1_0=   0.0000000000000000     
 GDD_2_0=  -450.00000000000000     
 LAIinitialEveTr=   4.0000000000000000     
 LAIinitialDecTr=   1.0000000000000000     
 LAIinitialGrass=   1.6000000000000001     
 AlbEveTr0=  0.10000000000000001     
 AlbDecTr0=  0.12000000000000000     
 AlbGrass0=  0.17999999999999999     
 DecidCap0=  0.29999999999999999     
 Porosity0=  0.59999999999999998     
 SoilStorePavedState=   120.00359734969577     
 SoilStoreBldgsState=   120.00378879604581     
 SoilStoreEveTrState=   124.97250844776960     
 SoilStoreDecTrState=   124.38429862059903     
 SoilStoreGrassState=   128.67706685122613     
 SoilStoreBSoilState=   125.19231854719047     
 PavedState=   2.5093898594795543E-002
 BldgsState=   4.0147918097959076E-003
 EveTrState=  0.66495649854895356     
 DecTrState=  0.56642488398365864     
 GrassState=  0.79358364379697266     
 BSoilState=  0.60588919283013576     
 WaterState=   19993.774897954063     
 BoInit=  0.76260951578416780     
 /
