 &InitialConditions
 DaysSinceRain=           1
 Temp_C0=   5.2951736111111183     
 GDD_1_0=   5.5399999999999991     
 GDD_2_0=  -450.00000000000000     
 LAIinitialEveTr=   4.0053192341898312     
 LAIinitialDecTr=   1.0051026936118119     
 LAIinitialGrass=   1.6051750799396514     
 AlbEveTr0=  0.10000000000000001     
 AlbDecTr0=  0.12006803591482416     
 AlbGrass0=  0.18003610520888128     
 DecidCap0=  0.30056696595686799     
 Porosity0=  0.59954642723450557     
 SoilStorePavedState=   120.00952591239701     
 SoilStoreBldgsState=   120.01010369960107     
 SoilStoreEveTrState=   133.67884940652800     
 SoilStoreDecTrState=   132.80086775276880     
 SoilStoreGrassState=   141.77322062428303     
 SoilStoreBSoilState=   134.72761515431452     
 PavedState=   0.0000000000000000     
 BldgsState=   0.0000000000000000     
 EveTrState=   0.0000000000000000     
 DecTrState=   0.0000000000000000     
 GrassState=   9.6102402418142534E-003
 BSoilState=   0.0000000000000000     
 WaterState=   19998.465356816592     
 BoInit=   6.4880809810906737     
 /
