 &InitialConditions
 DaysSinceRain=           0
 Temp_C0=   10.930243055555549     
 GDD_1_0=   0.0000000000000000     
 GDD_2_0=  -450.00000000000000     
 LAIinitialEveTr=   4.0000000000000000     
 LAIinitialDecTr=   1.0000000000000000     
 LAIinitialGrass=   1.6000000000000001     
 AlbEveTr0=  0.10000000000000001     
 AlbDecTr0=  0.12000000000000000     
 AlbGrass0=  0.17999999999999999     
 DecidCap0=  0.29999999999999999     
 Porosity0=  0.59999999999999998     
 SoilStorePavedState=   120.00360277888977     
 SoilStoreBldgsState=   120.00379452598349     
 SoilStoreEveTrState=   124.97811061966951     
 SoilStoreDecTrState=   124.38895038109183     
 SoilStoreGrassState=   128.68556987283876     
 SoilStoreBSoilState=   125.19806382914156     
 PavedState=   2.4656978804402992E-002
 BldgsState=   3.8153715303369498E-003
 EveTrState=  0.65919542030193246     
 DecTrState=  0.55988209029897951     
 GrassState=  0.78758682872681562     
 BSoilState=  0.59982158392598151     
 WaterState=   19993.827302613950     
 BoInit=   5.7619299430979467     
 /
