 &InitialConditions
 DaysSinceRain=           1
 Temp_C0=   8.2283333333333317     
 GDD_1_0=   0.0000000000000000     
 GDD_2_0=  -450.00000000000000     
 LAIinitialEveTr=   4.0000000000000000     
 LAIinitialDecTr=   1.0000000000000000     
 LAIinitialGrass=   1.6000000000000001     
 AlbEveTr0=  0.10000000000000001     
 AlbDecTr0=  0.12000000000000000     
 AlbGrass0=  0.17999999999999999     
 DecidCap0=  0.29999999999999999     
 Porosity0=  0.59999999999999998     
 SoilStorePavedState=   120.00359734933060     
 SoilStoreBldgsState=   120.00378879566055     
 SoilStoreEveTrState=   124.97250806675156     
 SoilStoreDecTrState=   124.38429824712544     
 SoilStoreGrassState=   128.67706647529616     
 SoilStoreBSoilState=   125.19231816617364     
 PavedState=   2.5093898594795862E-002
 BldgsState=   4.0147918097960117E-003
 EveTrState=  0.66495649854896777     
 DecTrState=  0.56642488398367508     
 GrassState=  0.79358364379697666     
 BSoilState=  0.60588919283015130     
 WaterState=   19993.774890071330     
 BoInit=  0.76260951578536829     
 /
