 &InitialConditions
 DaysSinceRain=           0
 Temp_C0=   11.035260416666665     
 GDD_1_0=   8.3370833333333323     
 GDD_2_0=  -450.00000000000000     
 LAIinitialEveTr=   4.0060801349355533     
 LAIinitialDecTr=   1.0058326238244633     
 LAIinitialGrass=   1.6059153623725018     
 AlbEveTr0=  0.10000000000000001     
 AlbDecTr0=  0.12007776831765951     
 AlbGrass0=  0.18004126997004072     
 DecidCap0=  0.30064806931382926     
 Porosity0=  0.59948154454893654     
 SoilStorePavedState=   120.05750650888638     
 SoilStoreBldgsState=   120.06239617209039     
 SoilStoreEveTrState=   150.00000000000000     
 SoilStoreDecTrState=   149.99920846097257     
 SoilStoreGrassState=   149.99941963392445     
 SoilStoreBSoilState=   150.00000000000000     
 PavedState=   3.6846388023488490E-002
 BldgsState=   1.1341221824731663E-002
 EveTrState=  0.82336998253159277     
 DecTrState=  0.76709708224902651     
 GrassState=  0.92215745468918375     
 BSoilState=  0.78289152503006765     
 WaterState=   20010.084051477810     
 BoInit=   6.2391325216479405     
 /
