 &InitialConditions
 DaysSinceRain=           0
 Temp_C0=  -8.8501742160278701E-002
 GDD_1_0=   0.0000000000000000     
 GDD_2_0=  -59.927083333333336     
 LAIinitialEveTr=   4.0000000000000000     
 LAIinitialDecTr=   1.0000000000000000     
 LAIinitialGrass=   1.6000000000000001     
 AlbEveTr0=  0.11000000000000000     
 AlbDecTr0=  0.12000000000000000     
 AlbGrass0=  0.17999999999999999     
 DecidCap0=  0.29999999999999999     
 Porosity0=  0.59999999999999998     
 SoilStorePavedState=   149.99999999999696     
 SoilStoreBldgsState=   149.99999999999696     
 SoilStoreEveTrState=   150.00000000000000     
 SoilStoreDecTrState=   149.99999999999849     
 SoilStoreGrassState=   149.99999999999994     
 SoilStoreBSoilState=   149.99999999999915     
 PavedState=   0.0000000000000000     
 BldgsState=   0.0000000000000000     
 EveTrState=   7.6357061965205045E-002
 DecTrState=   3.2250898287501668E-002
 GrassState=  0.12076460392008408     
 BSoilState=   4.9609443968121100E-002
 WaterState=   20001.473775436007     
 /
