 &InitialConditions
 DaysSinceRain=           0
 Temp_C0=  -8.8501742160278701E-002
 GDD_1_0=   0.0000000000000000     
 GDD_2_0=   0.0000000000000000     
 LAIinitialEveTr=   4.0000000000000000     
 LAIinitialDecTr=   1.0000000000000000     
 LAIinitialGrass=   1.6000000000000001     
 AlbEveTr0=  0.11000000000000001     
 AlbDecTr0=  0.12000000000000000     
 AlbGrass0=  0.17999999999999999     
 DecidCap0=  0.30000000000000004     
 Porosity0=  0.60000000000000020     
 SoilStorePavedState=   149.98819620786327     
 SoilStoreBldgsState=   149.98819738058677     
 SoilStoreEveTrState=   149.99969855593420     
 SoilStoreDecTrState=   149.99937586541319     
 SoilStoreGrassState=   149.99968129595527     
 SoilStoreBSoilState=   149.98777903225360     
 PavedState=   0.0000000000000000     
 BldgsState=   0.0000000000000000     
 EveTrState=   0.0000000000000000     
 DecTrState=   0.0000000000000000     
 GrassState=   0.0000000000000000     
 BSoilState=   0.0000000000000000     
 WaterState=  0.44480816248163285     
 SnowWaterPavedState=   1.6442924490648942     
 SnowWaterBldgsState=   0.0000000000000000     
 SnowWaterEveTrState=   0.0000000000000000     
 SnowWaterDecTrState=   0.0000000000000000     
 SnowWaterGrassState=   0.0000000000000000     
 SnowWaterBSoilState=   0.0000000000000000     
 SnowWaterWaterState=   0.0000000000000000     
 SnowPackPaved=   64.192564194006025     
 SnowPackBldgs=   26.125282368777579     
 SnowPackEveTr=   1.1102579176212079E-003
 SnowPackDecTr=   0.0000000000000000     
 SnowPackGrass=   2.9812057540259313E-003
 SnowPackBSoil=   0.0000000000000000     
 SnowPackWater=   6.6839893591642970E-007
 SnowFracPaved=   1.0000000000000000     
 SnowFracBldgs=  0.10376593563605943     
 SnowFracEveTr=   1.0000000000000000     
 SnowFracDecTr=   0.0000000000000000     
 SnowFracGrass=   1.0000000000000000     
 SnowFracBSoil=   0.0000000000000000     
 SnowFracWater=   1.0000000000000000     
 SnowDensPaved=   142.61312766291093     
 SnowDensBldgs=   140.48021685930883     
 SnowDensEveTr=   102.37385757243777     
 SnowDensDecTr=   100.00000000000000     
 SnowDensGrass=   102.37385757243777     
 SnowDensBSoil=   100.00000000000000     
 SnowDensWater=   100.00000000000000     
 SnowAlb0=  0.17999999999999999     
 /
