 &InitialConditions
 DaysSinceRain=           0
 Temp_C0=  -8.8501742160278701E-002
 GDD_1_0=   0.0000000000000000     
 GDD_2_0=  -59.927083333333336     
 LAIinitialEveTr=   4.0000000000000000     
 LAIinitialDecTr=   1.0000000000000000     
 LAIinitialGrass=   1.6000000000000001     
 AlbEveTr0=  0.11000000000000000     
 AlbDecTr0=  0.12000000000000000     
 AlbGrass0=  0.17999999999999999     
 DecidCap0=  0.29999999999999999     
 Porosity0=  0.59999999999999998     
 SoilStorePavedState=   149.98825407476991     
 SoilStoreBldgsState=   149.98825497663358     
 SoilStoreEveTrState=   149.99975637207885     
 SoilStoreDecTrState=   149.99974372602415     
 SoilStoreGrassState=   149.99974407418188     
 SoilStoreBSoilState=   149.98780890159233     
 PavedState=   0.0000000000000000     
 BldgsState=   0.0000000000000000     
 EveTrState=   0.0000000000000000     
 DecTrState=   0.0000000000000000     
 GrassState=   0.0000000000000000     
 BSoilState=   0.0000000000000000     
 WaterState=  0.45118767959020584     
 SnowWaterPavedState=   1.8099163089377290     
 SnowWaterBldgsState=   1.8096714336253719     
 SnowWaterEveTrState=   0.0000000000000000     
 SnowWaterDecTrState=   0.0000000000000000     
 SnowWaterGrassState=   0.0000000000000000     
 SnowWaterBSoilState=   0.0000000000000000     
 SnowWaterWaterState=   0.0000000000000000     
 SnowPackPaved=   63.271109168442173     
 SnowPackBldgs=   63.261749058148389     
 SnowPackEveTr=   7.6900803917504081     
 SnowPackDecTr=   7.6847880354301212     
 SnowPackGrass=   7.6991208240231161     
 SnowPackBSoil=   0.0000000000000000     
 SnowPackWater=   0.0000000000000000     
 SnowFracPaved=   1.0000000000000000     
 SnowFracBldgs=  0.25747127785619700     
 SnowFracEveTr=   1.0000000000000000     
 SnowFracDecTr=   1.0000000000000000     
 SnowFracGrass=   1.0000000000000000     
 SnowFracBSoil=   0.0000000000000000     
 SnowFracWater=   0.0000000000000000     
 SnowDensPaved=   132.85740059493372     
 SnowDensBldgs=   132.85739512336443     
 SnowDensEveTr=   129.36564665329058     
 SnowDensDecTr=   129.36499804310284     
 SnowDensGrass=   129.36604355743964     
 SnowDensBSoil=   100.00000000000000     
 SnowDensWater=   100.02430471163217     
 SnowAlb0=  0.17999999999999999     
 /
