 &InitialConditions
 DaysSinceRain=           0
 Temp_C0=  0.87839721254355274     
 GDD_1_0=   0.0000000000000000     
 GDD_2_0=   0.0000000000000000     
 LAIinitialEveTr=   4.0000000000000000     
 LAIinitialDecTr=   1.0000000000000000     
 LAIinitialGrass=   1.6000000000000001     
 AlbEveTr0=  0.11000000000000001     
 AlbDecTr0=  0.12000000000000000     
 AlbGrass0=  0.17999999999999999     
 DecidCap0=  0.30000000000000004     
 Porosity0=  0.60000000000000020     
 SoilStorePavedState=   149.98757620409518     
 SoilStoreBldgsState=   149.98757225405404     
 SoilStoreEveTrState=   150.00000000000000     
 SoilStoreDecTrState=   149.99999998460643     
 SoilStoreGrassState=   149.99999994672157     
 SoilStoreBSoilState=   149.99130253802144     
 PavedState=  0.19372864007616297     
 BldgsState=  0.18629466409713780     
 EveTrState=  0.57844585181947461     
 DecTrState=  0.50267916319175443     
 GrassState=  0.62558101194713334     
 BSoilState=  0.19858549978077886     
 WaterState=  0.55475241289962174     
 SnowWaterPavedState=   5.5957583967327279E-002
 SnowWaterBldgsState=   4.2107113243498279E-002
 SnowWaterEveTrState=   0.0000000000000000     
 SnowWaterDecTrState=   0.0000000000000000     
 SnowWaterGrassState=   0.0000000000000000     
 SnowWaterBSoilState=   0.0000000000000000     
 SnowWaterWaterState=   1.1029010580441456E-004
 SnowPackPaved=  0.91990012608978800     
 SnowPackBldgs=  0.69134415881408839     
 SnowPackEveTr=   0.0000000000000000     
 SnowPackDecTr=   0.0000000000000000     
 SnowPackGrass=   0.0000000000000000     
 SnowPackBSoil=   0.0000000000000000     
 SnowPackWater=   0.0000000000000000     
 SnowFracPaved=   1.0000000474974513E-003
 SnowFracBldgs=   2.8806006617253682E-003
 SnowFracEveTr=   0.0000000000000000     
 SnowFracDecTr=   0.0000000000000000     
 SnowFracGrass=   0.0000000000000000     
 SnowFracBSoil=   0.0000000000000000     
 SnowFracWater=   0.0000000000000000     
 SnowDensPaved=   111.91410154123167     
 SnowDensBldgs=   111.69670517243810     
 SnowDensEveTr=   100.00000000000000     
 SnowDensDecTr=   100.00000000000000     
 SnowDensGrass=   100.00000000000000     
 SnowDensBSoil=   100.00000000000000     
 SnowDensWater=   100.00000000000000     
 SnowAlb0=  0.17999999999999999     
 /
