 &InitialConditions
 DaysSinceRain=           0
 Temp_C0=  -8.8501742160278701E-002
 GDD_1_0=   0.0000000000000000     
 GDD_2_0=   0.0000000000000000     
 LAIinitialEveTr=   4.0000000000000000     
 LAIinitialDecTr=   1.0000000000000000     
 LAIinitialGrass=   1.6000000000000001     
 AlbEveTr0=  0.11000000000000001     
 AlbDecTr0=  0.12000000000000000     
 AlbGrass0=  0.17999999999999999     
 DecidCap0=  0.30000000000000004     
 Porosity0=  0.60000000000000020     
 SoilStorePavedState=   149.98836069369477     
 SoilStoreBldgsState=   149.98836114712938     
 SoilStoreEveTrState=   149.99986234150620     
 SoilStoreDecTrState=   149.99981028429289     
 SoilStoreGrassState=   149.99985601557043     
 SoilStoreBSoilState=   149.98811653068032     
 PavedState=   0.0000000000000000     
 BldgsState=   0.0000000000000000     
 EveTrState=   0.0000000000000000     
 DecTrState=   0.0000000000000000     
 GrassState=   0.0000000000000000     
 BSoilState=   0.0000000000000000     
 WaterState=  0.44719843980085727     
 SnowWaterPavedState=   1.6460516605852882     
 SnowWaterBldgsState=   0.0000000000000000     
 SnowWaterEveTrState=   0.0000000000000000     
 SnowWaterDecTrState=   0.0000000000000000     
 SnowWaterGrassState=   0.0000000000000000     
 SnowWaterBSoilState=   0.0000000000000000     
 SnowWaterWaterState=   0.0000000000000000     
 SnowPackPaved=   64.244480807319931     
 SnowPackBldgs=   24.902968578602284     
 SnowPackEveTr=   2.3502014604615414E-003
 SnowPackDecTr=   0.0000000000000000     
 SnowPackGrass=   4.3018876934220749E-003
 SnowPackBSoil=   0.0000000000000000     
 SnowPackWater=   6.6839893591642970E-007
 SnowFracPaved=   1.0000000000000000     
 SnowFracBldgs=   9.8908575552409075E-002
 SnowFracEveTr=   1.0000000000000000     
 SnowFracDecTr=   0.0000000000000000     
 SnowFracGrass=   1.0000000000000000     
 SnowFracBSoil=   0.0000000000000000     
 SnowFracWater=   1.0000000000000000     
 SnowDensPaved=   142.65272451194608     
 SnowDensBldgs=   140.37456069354960     
 SnowDensEveTr=   102.37385757243777     
 SnowDensDecTr=   100.00000000000000     
 SnowDensGrass=   102.37385757243777     
 SnowDensBSoil=   100.00000000000000     
 SnowDensWater=   100.00000000000000     
 SnowAlb0=  0.17999999999999999     
 /
