 &InitialConditions
 DaysSinceRain=           0
 Temp_C0=   3.9343786295005852E-002
 GDD_1_0=   0.0000000000000000     
 GDD_2_0=  -50.958333333333329     
 LAIinitialEveTr=   4.0000000000000000     
 LAIinitialDecTr=   1.0000000000000000     
 LAIinitialGrass=   1.6000000000000001     
 AlbEveTr0=  0.11000000000000000     
 AlbDecTr0=  0.12000000000000000     
 AlbGrass0=  0.17999999999999999     
 DecidCap0=  0.29999999999999999     
 Porosity0=  0.59999999999999998     
 SoilStorePavedState=   150.00000000000000     
 SoilStoreBldgsState=   150.00000000000000     
 SoilStoreEveTrState=   150.00000000000000     
 SoilStoreDecTrState=   150.00000000000000     
 SoilStoreGrassState=   150.00000000000000     
 SoilStoreBSoilState=   150.00000000000000     
 PavedState=  0.19536407172845360     
 BldgsState=  0.40969273277201745     
 EveTrState=   2.1552648201924800     
 DecTrState=   2.1552648171622710     
 GrassState=   2.1509154307972564     
 BSoilState=   2.1552648027579271     
 WaterState=  0.50000000000000000     
 SnowWaterPavedState=  0.10363888888888895     
 SnowWaterBldgsState=  0.10363888888888895     
 SnowWaterEveTrState=  0.10363888888888895     
 SnowWaterDecTrState=  0.10363888888888895     
 SnowWaterGrassState=  0.10363888888888895     
 SnowWaterBSoilState=  0.10363888888888895     
 SnowWaterWaterState=   5.4091130225005293E-004
 SnowPackPaved=   4.6692243069001629     
 SnowPackBldgs=   5.0696897820695641     
 SnowPackEveTr=   4.9177939753058570     
 SnowPackDecTr=   4.9456883217525167     
 SnowPackGrass=   4.9084133494852011     
 SnowPackBSoil=   4.9410479308737312     
 SnowPackWater=   8.3333333333333332E-003
 SnowFracPaved=   1.5140038630657849E-003
 SnowFracBldgs=   2.1123707425289850E-002
 SnowFracEveTr=  0.21046193627237308     
 SnowFracDecTr=  0.21103673197502648     
 SnowFracGrass=  0.21026824822982049     
 SnowFracBSoil=   1.0000000000000000     
 SnowFracWater=   1.0000000000000000     
 SnowDensPaved=   77.302831597352110     
 SnowDensBldgs=   76.801884667764909     
 SnowDensEveTr=   77.643209950031860     
 SnowDensDecTr=   77.514758918332916     
 SnowDensGrass=   77.704955934708209     
 SnowDensBSoil=   77.577996586742529     
 SnowDensWater=   100.25898208569612     
 SnowAlb0=  0.26011452771216448     
 /
