 &InitialConditions
 DaysSinceRain=           0
 Temp_C0=   3.9343786295005852E-002
 GDD_1_0=   0.0000000000000000     
 GDD_2_0=  -50.958333333333329     
 LAIinitialEveTr=   4.0000000000000000     
 LAIinitialDecTr=   1.0000000000000000     
 LAIinitialGrass=   1.6000000000000001     
 AlbEveTr0=  0.11000000000000000     
 AlbDecTr0=  0.12000000000000000     
 AlbGrass0=  0.17999999999999999     
 DecidCap0=  0.29999999999999999     
 Porosity0=  0.59999999999999998     
 SoilStorePavedState=   149.99999999999696     
 SoilStoreBldgsState=   149.99999999999696     
 SoilStoreEveTrState=   150.00000000000000     
 SoilStoreDecTrState=   149.99999999999994     
 SoilStoreGrassState=   149.99999999999994     
 SoilStoreBSoilState=   149.99999999999994     
 PavedState=   9.7411506536546288E-002
 BldgsState=   9.6221900589035833E-002
 EveTrState=  0.14519690483908204     
 DecTrState=  0.11537373444191372     
 GrassState=  0.16543283370914175     
 BSoilState=  0.13178493297024599     
 WaterState=   20001.439173147857     
 /
