 &InitialConditions
 DaysSinceRain=           0
 Temp_C0=  -8.8501742160278701E-002
 GDD_1_0=   0.0000000000000000     
 GDD_2_0=  -63.697916666666657     
 LAIinitialEveTr=   4.0000000000000000     
 LAIinitialDecTr=   1.0000000000000000     
 LAIinitialGrass=   1.6000000000000001     
 AlbEveTr0=  0.11000000000000000     
 AlbDecTr0=  0.12000000000000000     
 AlbGrass0=  0.17999999999999999     
 DecidCap0=  0.29999999999999999     
 Porosity0=  0.59999999999999998     
 SoilStorePavedState=   149.99999999999696     
 SoilStoreBldgsState=   149.99999999999696     
 SoilStoreEveTrState=   150.00000000000000     
 SoilStoreDecTrState=   149.99999999999994     
 SoilStoreGrassState=   149.99999999999994     
 SoilStoreBSoilState=   149.99999999999994     
 PavedState=   4.0429169952573580E-003
 BldgsState=   0.0000000000000000     
 EveTrState=  0.17498376203323349     
 DecTrState=  0.13030179860518537     
 GrassState=  0.20844476053449301     
 BSoilState=  0.15190736497515014     
 WaterState=   20006.951559966648     
 /
