 &InitialConditions
 DaysSinceRain=           0
 Temp_C0=  -8.8501742160278701E-002
 GDD_1_0=   0.0000000000000000     
 GDD_2_0=  -73.127083333333331     
 LAIinitialEveTr=   4.0000000000000000     
 LAIinitialDecTr=   1.0000000000000000     
 LAIinitialGrass=   1.6000000000000001     
 AlbEveTr0=  0.14636363636363636     
 AlbDecTr0=  0.13333333333333333     
 AlbGrass0=  0.19116279069767442     
 DecidCap0=  0.41111111111111109     
 Porosity0=  0.51111111111111107     
 SoilStorePavedState=   149.99999999999733     
 SoilStoreBldgsState=   149.99999999999733     
 SoilStoreEveTrState=   150.00000000000000     
 SoilStoreDecTrState=   150.00000000000000     
 SoilStoreGrassState=   149.99999999999994     
 SoilStoreBSoilState=   149.99999999999989     
 PavedState=   5.6972726779553626E-003
 BldgsState=   0.0000000000000000     
 EveTrState=  0.17199015789631639     
 DecTrState=  0.12877550025543524     
 GrassState=  0.20480420509454583     
 BSoilState=  0.14970765537760641     
 WaterState=   20007.210963950012     
 /
