 &InitialConditions
 DaysSinceRain=           0
 Temp_C0=   3.9343786295005852E-002
 GDD_1_0=   0.0000000000000000     
 GDD_2_0=  -50.958333333333329     
 LAIinitialEveTr=   4.0000000000000000     
 LAIinitialDecTr=   1.0000000000000000     
 LAIinitialGrass=   1.6000000000000001     
 AlbEveTr0=  0.11000000000000000     
 AlbDecTr0=  0.12000000000000000     
 AlbGrass0=  0.17999999999999999     
 DecidCap0=  0.29999999999999999     
 Porosity0=  0.59999999999999998     
 SoilStorePavedState=   149.99999999999696     
 SoilStoreBldgsState=   149.99999999999696     
 SoilStoreEveTrState=   150.00000000000000     
 SoilStoreDecTrState=   149.99999999999994     
 SoilStoreGrassState=   149.99999999999994     
 SoilStoreBSoilState=   149.99999999999994     
 PavedState=   9.7185883591813987E-002
 BldgsState=   9.5735353870125689E-002
 EveTrState=  0.15681347871782331     
 DecTrState=  0.13283629192468321     
 GrassState=  0.18254925989345622     
 BSoilState=  0.14431380877314862     
 WaterState=   20001.572254696792     
 /
