 &InitialConditions
 DaysSinceRain=           0
 Temp_C0= -8.850174216027870E-002
 GDD_1_0=  0.000000000000000E+000
 GDD_2_0=  -38.2187500000000     
 LAIinitialEveTr=   4.00000000000000     
 LAIinitialDecTr=   1.00000000000000     
 LAIinitialGrass=   1.60000000000000     
 AlbEveTr0=  0.146363636363636     
 AlbDecTr0=  0.133333333333333     
 AlbGrass0=  0.191162790697674     
 DecidCap0=  0.411111111111111     
 Porosity0=  0.511111111111111     
 SoilStorePavedState=   149.999999999997     
 SoilStoreBldgsState=   149.999999999997     
 SoilStoreEveTrState=   150.000000000000     
 SoilStoreDecTrState=   150.000000000000     
 SoilStoreGrassState=   150.000000000000     
 SoilStoreBSoilState=   150.000000000000     
 PavedState=  4.275029680790375E-003
 BldgsState=  0.000000000000000E+000
 EveTrState=  0.149062787025050     
 DecTrState=  0.108725488004714     
 GrassState=  0.180364516853308     
 BSoilState=  0.128240010208545     
 WaterState=   20001.8100703454     
 /
