 &InitialConditions
 DaysSinceRain=           0
 Temp_C0=  -8.8501742160278701E-002
 GDD_1_0=   0.0000000000000000     
 GDD_2_0=  -63.697916666666657     
 LAIinitialEveTr=   4.0000000000000000     
 LAIinitialDecTr=   1.0000000000000000     
 LAIinitialGrass=   1.6000000000000001     
 AlbEveTr0=  0.14636363636363636     
 AlbDecTr0=  0.13333333333333333     
 AlbGrass0=  0.19116279069767442     
 DecidCap0=  0.41111111111111109     
 Porosity0=  0.51111111111111107     
 SoilStorePavedState=   149.99999999999733     
 SoilStoreBldgsState=   149.99999999999733     
 SoilStoreEveTrState=   150.00000000000000     
 SoilStoreDecTrState=   150.00000000000000     
 SoilStoreGrassState=   149.99999999999994     
 SoilStoreBSoilState=   149.99999999999989     
 PavedState=   4.3528941665678467E-003
 BldgsState=   0.0000000000000000     
 EveTrState=  0.15026606458685871     
 DecTrState=  0.11014334847154840     
 GrassState=  0.18139308610986543     
 BSoilState=  0.12956906814819269     
 WaterState=   20007.278393823552     
 /
