 &InitialConditions
 DaysSinceRain=           0
 Temp_C0= -8.850174216027870E-002
 GDD_1_0=  0.000000000000000E+000
 GDD_2_0=  -38.2187500000000     
 LAIinitialEveTr=   4.00000000000000     
 LAIinitialDecTr=   1.00000000000000     
 LAIinitialGrass=   1.60000000000000     
 AlbEveTr0=  0.146363636363636     
 AlbDecTr0=  0.133333333333333     
 AlbGrass0=  0.191162790697674     
 DecidCap0=  0.411111111111111     
 Porosity0=  0.511111111111111     
 SoilStorePavedState=   150.000000000000     
 SoilStoreBldgsState=   150.000000000000     
 SoilStoreEveTrState=   150.000000000000     
 SoilStoreDecTrState=   150.000000000000     
 SoilStoreGrassState=   150.000000000000     
 SoilStoreBSoilState=   150.000000000000     
 PavedState=  0.328860765568111     
 BldgsState=  0.371285508142122     
 EveTrState=   2.16473511869888     
 DecTrState=   2.16473511869888     
 GrassState=   2.16473511869888     
 BSoilState=   2.16473511869888     
 WaterState=   20000.0000000000     
 /
