 &InitialConditions
 DaysSinceRain=           0
 Temp_C0=  -8.8501742160278701E-002
 GDD_1_0=   0.0000000000000000     
 GDD_2_0=  -63.697916666666657     
 LAIinitialEveTr=   4.0000000000000000     
 LAIinitialDecTr=   1.0000000000000000     
 LAIinitialGrass=   1.6000000000000001     
 AlbEveTr0=  0.11000000000000000     
 AlbDecTr0=  0.12000000000000000     
 AlbGrass0=  0.17999999999999999     
 DecidCap0=  0.29999999999999999     
 Porosity0=  0.59999999999999998     
 SoilStorePavedState=   150.00000000000000     
 SoilStoreBldgsState=   150.00000000000000     
 SoilStoreEveTrState=   150.00000000000000     
 SoilStoreDecTrState=   150.00000000000000     
 SoilStoreGrassState=   150.00000000000000     
 SoilStoreBSoilState=   150.00000000000000     
 PavedState=   1.4530889863730917E-003
 BldgsState=  0.27633644274685709     
 EveTrState=   1.7621781536039591     
 DecTrState=   1.7621781496997717     
 GrassState=   1.7267134096345687     
 BSoilState=   1.7621781311410047     
 WaterState=  0.49995995559621020     
 SnowWaterPavedState=   0.0000000000000000     
 SnowWaterBldgsState=   0.0000000000000000     
 SnowWaterEveTrState=   0.0000000000000000     
 SnowWaterDecTrState=   0.0000000000000000     
 SnowWaterGrassState=   0.0000000000000000     
 SnowWaterBSoilState=   0.0000000000000000     
 SnowWaterWaterState=   0.0000000000000000     
 SnowPackPaved=   16.376907381029643     
 SnowPackBldgs=   18.315488492492069     
 SnowPackEveTr=   28.040939470542821     
 SnowPackDecTr=   28.522921295112134     
 SnowPackGrass=   25.573642969025009     
 SnowPackBSoil=   28.529094917829482     
 SnowPackWater=   1.1793989767016158E-004
 SnowFracPaved=   1.0000000000000000     
 SnowFracBldgs=  0.94999998807907104     
 SnowFracEveTr=  0.94999998807907104     
 SnowFracDecTr=  0.94999998807907104     
 SnowFracGrass=  0.94999998807907104     
 SnowFracBSoil=  0.94999998807907104     
 SnowFracWater=   1.0000000000000000     
 SnowDensPaved=   117.69138532992707     
 SnowDensBldgs=   117.03813226442685     
 SnowDensEveTr=   116.49428916917799     
 SnowDensDecTr=   116.33317456451482     
 SnowDensGrass=   116.74200761460662     
 SnowDensBSoil=   116.37638580325336     
 SnowDensWater=   102.37385757243777     
 SnowAlb0=  0.22084400068721724     
 /
