 &InitialConditions
 DaysSinceRain=           0
 Temp_C0=  -8.8501742160278701E-002
 GDD_1_0=   0.0000000000000000     
 GDD_2_0=  -38.218750000000000     
 LAIinitialEveTr=   4.0000000000000000     
 LAIinitialDecTr=   1.0000000000000000     
 LAIinitialGrass=   1.6000000000000001     
 AlbEveTr0=  0.14636363636363636     
 AlbDecTr0=  0.13333333333333333     
 AlbGrass0=  0.19116279069767442     
 DecidCap0=  0.41111111111111109     
 Porosity0=  0.51111111111111107     
 SoilStorePavedState=   149.99999999999733     
 SoilStoreBldgsState=   149.99999999999733     
 SoilStoreEveTrState=   150.00000000000000     
 SoilStoreDecTrState=   150.00000000000000     
 SoilStoreGrassState=   149.99999999999994     
 SoilStoreBSoilState=   149.99999999999989     
 PavedState=   4.2750296807903794E-003
 BldgsState=   0.0000000000000000     
 EveTrState=  0.14906278702505024     
 DecTrState=  0.10872548800471445     
 GrassState=  0.18036451685330848     
 BSoilState=  0.12824001020854475     
 WaterState=   20001.810070345400     
 /
