 &InitialConditions
 DaysSinceRain=           6
 Temp_C0=   4.2879065040650408     
 GDD_1_0=   0.0000000000000000     
 GDD_2_0=  -450.00000000000000     
 LAIinitialEveTr=   4.0108626315792382     
 LAIinitialDecTr=   1.0104210973906773     
 LAIinitialGrass=   1.6105685928844504     
 AlbEveTr0=  0.11009875119617490     
 AlbDecTr0=  0.12013894796520902     
 AlbGrass0=  0.18007373436896129     
 DecidCap0=  0.30115789971007523     
 Porosity0=  0.59907368023193963     
 SoilStorePavedState=   150.00000000000000     
 SoilStoreBldgsState=   150.00000000000000     
 SoilStoreEveTrState=   149.83184078068388     
 SoilStoreDecTrState=   149.82157418536286     
 SoilStoreGrassState=   149.84423678277662     
 SoilStoreBSoilState=   149.82539872749487     
 PavedState=   0.0000000000000000     
 BldgsState=   0.0000000000000000     
 EveTrState=   0.0000000000000000     
 DecTrState=   0.0000000000000000     
 GrassState=   0.0000000000000000     
 BSoilState=   0.0000000000000000     
 WaterState=   20000.000000000000     
 /
