 &InitialConditions
 DaysSinceRain=           0
 Temp_C0= -8.850174216027870E-002
 GDD_1_0=  0.000000000000000E+000
 GDD_2_0=  -73.1270833333333     
 LAIinitialEveTr=   4.00000000000000     
 LAIinitialDecTr=   1.00000000000000     
 LAIinitialGrass=   1.60000000000000     
 AlbEveTr0=  0.146363636363636     
 AlbDecTr0=  0.133333333333333     
 AlbGrass0=  0.191162790697674     
 DecidCap0=  0.411111111111111     
 Porosity0=  0.511111111111111     
 SoilStorePavedState=   150.000000000000     
 SoilStoreBldgsState=   150.000000000000     
 SoilStoreEveTrState=   150.000000000000     
 SoilStoreDecTrState=   150.000000000000     
 SoilStoreGrassState=   150.000000000000     
 SoilStoreBSoilState=   150.000000000000     
 PavedState=  1.181923038160813E-002
 BldgsState=  5.188803946998583E-004
 EveTrState=  0.196676649929230     
 DecTrState=  0.137942377514337     
 GrassState=  0.235041415298012     
 BSoilState=  0.165687780340456     
 WaterState=   20000.0000000000     
 /
