 &InitialConditions
 DaysSinceRain=           0
 Temp_C0=  -8.8501742160278701E-002
 GDD_1_0=   0.0000000000000000     
 GDD_2_0=  -63.697916666666657     
 LAIinitialEveTr=   4.0000000000000000     
 LAIinitialDecTr=   1.0000000000000000     
 LAIinitialGrass=   1.6000000000000001     
 AlbEveTr0=  0.14636363636363636     
 AlbDecTr0=  0.13333333333333333     
 AlbGrass0=  0.19116279069767442     
 DecidCap0=  0.41111111111111109     
 Porosity0=  0.51111111111111107     
 SoilStorePavedState=   150.00000000000000     
 SoilStoreBldgsState=   150.00000000000000     
 SoilStoreEveTrState=   150.00000000000000     
 SoilStoreDecTrState=   150.00000000000000     
 SoilStoreGrassState=   150.00000000000000     
 SoilStoreBSoilState=   150.00000000000000     
 PavedState=   1.3807544742268371E-003
 BldgsState=  0.36716689250067375     
 EveTrState=   2.1494823918102983     
 DecTrState=   2.1494823918102983     
 GrassState=   2.1494823918102983     
 BSoilState=   2.1494823918102983     
 WaterState=   20000.000000000000     
 SnowWaterPavedState=   0.0000000000000000     
 SnowWaterBldgsState=   1.0000000000000000     
 SnowWaterEveTrState=   1.0000000000000000     
 SnowWaterDecTrState=   1.0000000000000000     
 SnowWaterGrassState=   1.0000000000000000     
 SnowWaterBSoilState=   1.0000000000000000     
 SnowWaterWaterState=   1.0000000000000000     
 SnowPackPaved=   15.790449601799164     
 SnowPackBldgs=   1.0000000000000000     
 SnowPackEveTr=   1.0000000000000000     
 SnowPackDecTr=   1.0000000000000000     
 SnowPackGrass=   1.0000000000000000     
 SnowPackBSoil=   1.0000000000000000     
 SnowPackWater=   1.0000000000000000     
 SnowFracPaved=   1.0000000000000000     
 SnowFracBldgs=   0.0000000000000000     
 SnowFracEveTr=   0.0000000000000000     
 SnowFracDecTr=   0.0000000000000000     
 SnowFracGrass=   0.0000000000000000     
 SnowFracBSoil=   0.0000000000000000     
 SnowFracWater=   0.0000000000000000     
 SnowDensPaved=   117.88176932354389     
 SnowDensBldgs=   74.211931886020693     
 SnowDensEveTr=   74.211931886020693     
 SnowDensDecTr=   74.211931886020693     
 SnowDensGrass=   74.211931886020693     
 SnowDensBSoil=   74.211931886020693     
 SnowDensWater=   74.211931886020693     
 SnowAlb0=  0.22084400068721724     
 /
