 &InitialConditions
 DaysSinceRain=           6
 Temp_C0=   4.2730179398148147     
 GDD_1_0=   0.0000000000000000     
 GDD_2_0=  -450.00000000000000     
 LAIinitialEveTr=   4.0108626315792382     
 LAIinitialDecTr=   1.0104210973906773     
 LAIinitialGrass=   1.6105685928844504     
 AlbEveTr0=  0.10000000000000001     
 AlbDecTr0=  0.12013894796520902     
 AlbGrass0=  0.18007373436896129     
 DecidCap0=  0.30115789971007523     
 Porosity0=  0.59907368023193963     
 SoilStorePavedState=   150.00000000000000     
 SoilStoreBldgsState=   150.00000000000000     
 SoilStoreEveTrState=   149.84281516125003     
 SoilStoreDecTrState=   149.83403377229956     
 SoilStoreGrassState=   149.85499455045451     
 SoilStoreBSoilState=   149.83679620730913     
 PavedState=   0.0000000000000000     
 BldgsState=   0.0000000000000000     
 EveTrState=   0.0000000000000000     
 DecTrState=   0.0000000000000000     
 GrassState=   0.0000000000000000     
 BSoilState=   0.0000000000000000     
 WaterState=   20000.000000000000     
 BoInit=   992.00805493685107     
 /
