 &InitialConditions
 DaysSinceRain=           0
 Temp_C0=   3.9343786295005852E-002
 GDD_1_0=   0.0000000000000000     
 GDD_2_0=  -50.958333333333329     
 LAIinitialEveTr=   4.0000000000000000     
 LAIinitialDecTr=   1.0000000000000000     
 LAIinitialGrass=   1.6000000000000001     
 AlbEveTr0=  0.14636363636363636     
 AlbDecTr0=  0.13333333333333333     
 AlbGrass0=  0.19116279069767442     
 DecidCap0=  0.41111111111111109     
 Porosity0=  0.51111111111111107     
 SoilStorePavedState=   150.00000000000000     
 SoilStoreBldgsState=   150.00000000000000     
 SoilStoreEveTrState=   150.00000000000000     
 SoilStoreDecTrState=   150.00000000000000     
 SoilStoreGrassState=   150.00000000000000     
 SoilStoreBSoilState=   150.00000000000000     
 PavedState=  0.19343782872559170     
 BldgsState=  0.40834308979655443     
 EveTrState=   2.2710983396718025     
 DecTrState=   2.2710983396718025     
 GrassState=   2.2710983396718025     
 BSoilState=   2.2710983396718025     
 WaterState=   20000.000000000000     
 SnowWaterPavedState=  0.10363888888888895     
 SnowWaterBldgsState=   1.0000000000000000     
 SnowWaterEveTrState=   1.0000000000000000     
 SnowWaterDecTrState=   1.0000000000000000     
 SnowWaterGrassState=   1.0000000000000000     
 SnowWaterBSoilState=   1.0000000000000000     
 SnowWaterWaterState=   1.0000000000000000     
 SnowPackPaved=   4.5172703238397611     
 SnowPackBldgs=   1.0000000000000000     
 SnowPackEveTr=   1.0000000000000000     
 SnowPackDecTr=   1.0000000000000000     
 SnowPackGrass=   1.0000000000000000     
 SnowPackBSoil=   1.0000000000000000     
 SnowPackWater=   1.0000000000000000     
 SnowFracPaved=   1.4170646651835677E-003
 SnowFracBldgs=   0.0000000000000000     
 SnowFracEveTr=   0.0000000000000000     
 SnowFracDecTr=   0.0000000000000000     
 SnowFracGrass=   0.0000000000000000     
 SnowFracBSoil=   0.0000000000000000     
 SnowFracWater=   0.0000000000000000     
 SnowDensPaved=   77.460221724337487     
 SnowDensBldgs=   34.689955760629459     
 SnowDensEveTr=   34.689955760629459     
 SnowDensDecTr=   34.689955760629459     
 SnowDensGrass=   34.689955760629459     
 SnowDensBSoil=   34.689955760629459     
 SnowDensWater=   34.689955760629459     
 SnowAlb0=  0.26011452771216448     
 /
