 &InitialConditions
 DaysSinceRain=           6
 Temp_C0=   4.2879065040650408     
 GDD_1_0=   0.0000000000000000     
 GDD_2_0=  -450.00000000000000     
 LAIinitialEveTr=   4.0108626315792382     
 LAIinitialDecTr=   1.0104210973906773     
 LAIinitialGrass=   1.6105685928844504     
 AlbEveTr0=  0.11009875119617490     
 AlbDecTr0=  0.12013894796520902     
 AlbGrass0=  0.18007373436896129     
 DecidCap0=  0.30115789971007523     
 Porosity0=  0.59907368023193963     
 SoilStorePavedState=   150.00000000000000     
 SoilStoreBldgsState=   150.00000000000000     
 SoilStoreEveTrState=   149.83874393969847     
 SoilStoreDecTrState=   149.82367780549259     
 SoilStoreGrassState=   149.84893122450333     
 SoilStoreBSoilState=   149.83048812507855     
 PavedState=   0.0000000000000000     
 BldgsState=   0.0000000000000000     
 EveTrState=   0.0000000000000000     
 DecTrState=   0.0000000000000000     
 GrassState=   0.0000000000000000     
 BSoilState=   0.0000000000000000     
 WaterState=   20000.000000000000     
 SnowWaterPavedState=   1.1333448536303367E-002
 SnowWaterBldgsState=   1.0000000000000000     
 SnowWaterEveTrState=   1.0000000000000000     
 SnowWaterDecTrState=   1.0000000000000000     
 SnowWaterGrassState=   1.0000000000000000     
 SnowWaterBSoilState=   1.0000000000000000     
 SnowWaterWaterState=   1.0000000000000000     
 SnowPackPaved=   0.0000000000000000     
 SnowPackBldgs=   1.0000000000000000     
 SnowPackEveTr=   1.0000000000000000     
 SnowPackDecTr=   1.0000000000000000     
 SnowPackGrass=   1.0000000000000000     
 SnowPackBSoil=   1.0000000000000000     
 SnowPackWater=   1.0000000000000000     
 SnowFracPaved=   0.0000000000000000     
 SnowFracBldgs=   0.0000000000000000     
 SnowFracEveTr=   0.0000000000000000     
 SnowFracDecTr=   0.0000000000000000     
 SnowFracGrass=   0.0000000000000000     
 SnowFracBSoil=   0.0000000000000000     
 SnowFracWater=   0.0000000000000000     
 SnowDensPaved=   100.00000000000000     
 SnowDensBldgs=   322.06461447896197     
 SnowDensEveTr=   322.06461447896197     
 SnowDensDecTr=   322.06461447896197     
 SnowDensGrass=   322.06461447896197     
 SnowDensBSoil=   322.06461447896197     
 SnowDensWater=   322.06461447896197     
 SnowAlb0=  0.17999999999999999     
 /
