 &InitialConditions
 DaysSinceRain=           0
 Temp_C0=  -8.8501742160278701E-002
 GDD_1_0=   0.0000000000000000     
 GDD_2_0=   0.0000000000000000     
 LAIinitialEveTr=   0.0000000000000000     
 LAIinitialDecTr=   0.0000000000000000     
 LAIinitialGrass=   0.0000000000000000     
 AlbEveTr0=  0.14636363636363636     
 AlbDecTr0=  0.13333333333333333     
 AlbGrass0=  0.19116279069767442     
 DecidCap0=  0.41111111111111109     
 Porosity0=  0.51111111111111107     
 SoilStorePavedState=   150.00000000000000     
 SoilStoreBldgsState=   150.00000000000000     
 SoilStoreEveTrState=   150.00000000000000     
 SoilStoreDecTrState=   150.00000000000000     
 SoilStoreGrassState=   150.00000000000000     
 SoilStoreBSoilState=   150.00000000000000     
 PavedState=   2.2774498854896456E-002
 BldgsState=   8.1839634531843484E-003
 EveTrState=  0.21127134316951379     
 DecTrState=  0.15334196423304980     
 GrassState=  0.24863385580048850     
 BSoilState=  0.18092346188461914     
 WaterState=   20000.000000000000     
 /
