 &InitialConditions
 DaysSinceRain=           4
 Temp_C0=   5.9692013888888891     
 GDD_1_0=   0.0000000000000000     
 GDD_2_0=  -450.00000000000000     
 LAIinitialEveTr=   4.0000000000000000     
 LAIinitialDecTr=   1.0000000000000000     
 LAIinitialGrass=   1.6000000000000001     
 AlbEveTr0=  0.10000000000000001     
 AlbDecTr0=  0.12000000000000000     
 AlbGrass0=  0.17999999999999999     
 DecidCap0=  0.29999999999999999     
 Porosity0=  0.59999999999999998     
 SoilStorePavedState=   147.21767975507692     
 SoilStoreBldgsState=   146.59868177307195     
 SoilStoreEveTrState=   93.705491641255350     
 SoilStoreDecTrState=   118.62149764544414     
 SoilStoreGrassState=   79.854207010252125     
 SoilStoreBSoilState=   72.753207090378510     
 PavedState=   0.0000000000000000     
 BldgsState=   0.0000000000000000     
 EveTrState=   0.0000000000000000     
 DecTrState=   0.0000000000000000     
 GrassState=   0.0000000000000000     
 BSoilState=   0.0000000000000000     
 WaterState=   8467.9033031381696     
 BoInit=   14.283233984105316     
 /
