 &InitialConditions
 DaysSinceRain=           1
 Temp_C0= -8.432055749128918E-002
 GDD_1_0=  0.000000000000000E+000
 GDD_2_0=  -13.2000000000000     
 LAIinitialEveTr=   4.00000000000000     
 LAIinitialDecTr=   1.00000000000000     
 LAIinitialGrass=   1.60000000000000     
 AlbEveTr0=  0.146363636363636     
 AlbDecTr0=  0.133333333333333     
 AlbGrass0=  0.191162790697674     
 DecidCap0=  0.411111111111111     
 Porosity0=  0.511111111111111     
 SoilStorePavedState=   150.000000000000     
 SoilStoreBldgsState=   150.000000000000     
 SoilStoreEveTrState=   150.000000000000     
 SoilStoreDecTrState=   150.000000000000     
 SoilStoreGrassState=   150.000000000000     
 SoilStoreBSoilState=   150.000000000000     
 PavedState=  9.580241423962618E-003
 BldgsState=  0.000000000000000E+000
 EveTrState=  0.198635956786311     
 DecTrState=  0.139942823348637     
 GrassState=  0.236377585957163     
 BSoilState=  0.167708281344503     
 WaterState=   20000.0000000000     
 /
