 &InitialConditions
 DaysSinceRain=           0
 Temp_C0=   1.6870775261324051     
 GDD_1_0=   0.0000000000000000     
 GDD_2_0=  -450.00000000000000     
 LAIinitialEveTr=   4.0000000000000000     
 LAIinitialDecTr=   1.0000000000000000     
 LAIinitialGrass=   1.6000000000000001     
 AlbEveTr0=  0.10000000000000001     
 AlbDecTr0=  0.16000000000000000     
 AlbGrass0=  0.17999999999999999     
 DecidCap0=  0.30000000000000054     
 Porosity0=   1.0000000000000000     
 SoilStorePavedState=   99.477363879393394     
 SoilStoreBldgsState=   49.854929026965422     
 SoilStoreEveTrState=   149.99759484299071     
 SoilStoreDecTrState=   149.99992688803448     
 SoilStoreGrassState=   149.99994260552569     
 SoilStoreBSoilState=   150.00000000000000     
 PavedState=  0.22075765170418904     
 BldgsState=  0.16921306118472140     
 EveTrState=   6.3068393711411135     
 DecTrState=   6.3268201393346484     
 GrassState=   6.3274815648674405     
 BSoilState=   1.4755177399436237     
 WaterState=  0.50000000000000000     
 SnowWaterPavedState=   4.9784303240884284     
 SnowWaterBldgsState=   1.9784303240884282     
 SnowWaterEveTrState=   5.2713555018333871     
 SnowWaterDecTrState=   5.2702474223987856     
 SnowWaterGrassState=   5.2716397316668004     
 SnowWaterBSoilState=   0.0000000000000000     
 SnowWaterWaterState=   5.2584360775836982     
 SnowPackPaved=   99.568606481768569     
 SnowPackBldgs=   39.568606481768562     
 SnowPackEveTr=   105.42711003666774     
 SnowPackDecTr=   105.40494844797570     
 SnowPackGrass=   105.43279463333600     
 SnowPackBSoil=   0.0000000000000000     
 SnowPackWater=   105.16872155167395     
 SnowFracPaved=  0.27462347359338746     
 SnowFracBldgs=  0.10412791179412779     
 SnowFracEveTr=  0.72794561221422538     
 SnowFracDecTr=  0.72787130393695731     
 SnowFracGrass=  0.72796467175104218     
 SnowFracBSoil=   0.0000000000000000     
 SnowFracWater=   1.0000000000000000     
 SnowDensPaved=   241.06131181630795     
 SnowDensBldgs=   216.58548891438627     
 SnowDensEveTr=   241.15357284543063     
 SnowDensDecTr=   241.14310256034170     
 SnowDensGrass=   241.16281496757722     
 SnowDensBSoil=   100.00000000000000     
 SnowDensWater=   241.05298232824487     
 SnowAlb0=  0.74675541158101910     
 /
