 &InitialConditions
 DaysSinceRain=           0
 Temp_C0=   1.6870775261324051     
 GDD_1_0=   0.0000000000000000     
 GDD_2_0=  -450.00000000000000     
 LAIinitialEveTr=   4.0000000000000000     
 LAIinitialDecTr=   1.0000000000000000     
 LAIinitialGrass=   1.6000000000000001     
 AlbEveTr0=  0.10000000000000001     
 AlbDecTr0=  0.16000000000000000     
 AlbGrass0=  0.17999999999999999     
 DecidCap0=  0.30000000000000054     
 Porosity0=   1.0000000000000000     
 SoilStorePavedState=   76.831269024235809     
 SoilStoreBldgsState=   45.089190729386004     
 SoilStoreEveTrState=   150.00000000000000     
 SoilStoreDecTrState=   149.99944459874084     
 SoilStoreGrassState=   149.99954266363338     
 SoilStoreBSoilState=   150.00000000000000     
 PavedState=  0.21971034962467315     
 BldgsState=  0.16704605840904069     
 EveTrState=   5.8986757109627188     
 DecTrState=   6.3171916441152334     
 GrassState=   6.3200405313443451     
 BSoilState=   1.4560496466745012     
 WaterState=  0.50000000000000000     
 SnowWaterPavedState=   4.9782066274588104     
 SnowWaterBldgsState=   1.9782066274588133     
 SnowWaterEveTrState=   0.0000000000000000     
 SnowWaterDecTrState=   5.2379040533461350     
 SnowWaterGrassState=   5.2393081352772883     
 SnowWaterBSoilState=   0.0000000000000000     
 SnowWaterWaterState=   5.2265420031765233     
 SnowPackPaved=   99.564132549176193     
 SnowPackBldgs=   39.564132549176264     
 SnowPackEveTr=   103.14731947975608     
 SnowPackDecTr=   104.75808106692268     
 SnowPackGrass=   104.78616270554576     
 SnowPackBSoil=   0.0000000000000000     
 SnowPackWater=   104.53084006353046     
 SnowFracPaved=  0.27459879474431925     
 SnowFracBldgs=  0.10411613828730595     
 SnowFracEveTr=   1.0000000000000000     
 SnowFracDecTr=  0.72569949589513960     
 SnowFracGrass=  0.72579389275930239     
 SnowFracBSoil=   0.0000000000000000     
 SnowFracWater=   1.0000000000000000     
 SnowDensPaved=   240.69425680787708     
 SnowDensBldgs=   216.52979450801757     
 SnowDensEveTr=   399.99999999980963     
 SnowDensDecTr=   240.77295282707539     
 SnowDensGrass=   240.79274897264210     
 SnowDensBSoil=   100.00000000000000     
 SnowDensWater=   240.68616717807294     
 SnowAlb0=  0.74345599040561994     
 /
