 &InitialConditions
 DaysSinceRain=           1
 Temp_C0= -0.98256678281068521     
 GDD_1_0=   0.0000000000000000     
 GDD_2_0=  -429.75062500000001     
 LAIinitialEveTr=   4.0000000000000000     
 LAIinitialDecTr=   1.0000000000000000     
 LAIinitialGrass=   1.6000000000000001     
 AlbEveTr0=  0.10000000000000001     
 AlbDecTr0=  0.16000000000000000     
 AlbGrass0=  0.17999999999999999     
 DecidCap0=  0.30000000000000088     
 Porosity0=  0.99999999999999967     
 SoilStorePavedState=   74.828952625013926     
 SoilStoreBldgsState=   44.160841137517906     
 SoilStoreEveTrState=   150.00000000000000     
 SoilStoreDecTrState=   149.84526117523643     
 SoilStoreGrassState=   149.87157667873595     
 SoilStoreBSoilState=   150.00000000000000     
 PavedState=   0.0000000000000000     
 BldgsState=   0.0000000000000000     
 EveTrState=  0.80495694688357577     
 DecTrState=   0.0000000000000000     
 GrassState=   0.0000000000000000     
 BSoilState=   4.0321603924849396E-002
 WaterState=  0.26628877514090521     
 SnowWaterPavedState=   0.0000000000000000     
 SnowWaterBldgsState=   0.0000000000000000     
 SnowWaterEveTrState=   0.0000000000000000     
 SnowWaterDecTrState=   0.0000000000000000     
 SnowWaterGrassState=   0.0000000000000000     
 SnowWaterBSoilState=   0.0000000000000000     
 SnowWaterWaterState=   0.0000000000000000     
 SnowPackPaved=   0.0000000000000000     
 SnowPackBldgs=   0.0000000000000000     
 SnowPackEveTr=   103.14731947975608     
 SnowPackDecTr=   0.0000000000000000     
 SnowPackGrass=   0.0000000000000000     
 SnowPackBSoil=   0.0000000000000000     
 SnowPackWater=   5.9670788926878851E-007
 SnowFracPaved=   0.0000000000000000     
 SnowFracBldgs=   0.0000000000000000     
 SnowFracEveTr=   1.0000000000000000     
 SnowFracDecTr=   0.0000000000000000     
 SnowFracGrass=   0.0000000000000000     
 SnowFracBSoil=   0.0000000000000000     
 SnowFracWater=   1.0000000000000000     
 SnowDensPaved=   100.00000000000000     
 SnowDensBldgs=   100.00000000000000     
 SnowDensEveTr=   399.99997996103781     
 SnowDensDecTr=   100.00000000000000     
 SnowDensGrass=   100.00000000000000     
 SnowDensBSoil=   100.00000000000000     
 SnowDensWater=   100.00000000000000     
 SnowAlb0=  0.17999999999999999     
 /
