 &InitialConditions
 DaysSinceRain=           0
 Temp_C0=   1.6870775261324051     
 GDD_1_0=   0.0000000000000000     
 GDD_2_0=  -450.00000000000000     
 LAIinitialEveTr=   4.0000000000000000     
 LAIinitialDecTr=   1.0000000000000000     
 LAIinitialGrass=   1.6000000000000001     
 AlbEveTr0=  0.10000000000000001     
 AlbDecTr0=  0.16000000000000000     
 AlbGrass0=  0.17999999999999999     
 DecidCap0=  0.30000000000000054     
 Porosity0=   1.0000000000000000     
 SoilStorePavedState=   81.737842403084585     
 SoilStoreBldgsState=   46.691994692269219     
 SoilStoreEveTrState=   139.33354460519146     
 SoilStoreDecTrState=   149.94202795548654     
 SoilStoreGrassState=   149.43689781303053     
 SoilStoreBSoilState=   150.00000000000000     
 PavedState=  0.22045942193154078     
 BldgsState=  0.16862973886571123     
 EveTrState=   6.3851672843988219     
 DecTrState=   6.4055853915113543     
 GrassState=   6.4049493289606083     
 BSoilState=   1.4772911633027397     
 WaterState=  0.32050413595847871     
 SnowWaterPavedState=   4.9782195738761663     
 SnowWaterBldgsState=   1.9782195738761645     
 SnowWaterEveTrState=   5.2462474517907438     
 SnowWaterDecTrState=   5.2451408211186150     
 SnowWaterGrassState=   5.2465166945960480     
 SnowWaterBSoilState=   0.0000000000000000     
 SnowWaterWaterState=   0.0000000000000000     
 SnowPackPaved=   99.564391477523316     
 SnowPackBldgs=   39.564391477523287     
 SnowPackEveTr=   104.92494903581488     
 SnowPackDecTr=   104.90281642237230     
 SnowPackGrass=   104.93033389192095     
 SnowPackBSoil=   0.0000000000000000     
 SnowPackWater=   102.63492262426502     
 SnowFracPaved=  0.27460022299970960     
 SnowFracBldgs=  0.10411681967769286     
 SnowFracEveTr=  0.72626027148293892     
 SnowFracDecTr=  0.72618591398142973     
 SnowFracGrass=  0.72627836165250037     
 SnowFracBSoil=   0.0000000000000000     
 SnowFracWater=   1.0000000000000000     
 SnowDensPaved=   240.76948340159947     
 SnowDensBldgs=   216.54341259776209     
 SnowDensEveTr=   240.86579931003831     
 SnowDensDecTr=   240.85504397100036     
 SnowDensGrass=   240.87507159710452     
 SnowDensBSoil=   100.00000000000000     
 SnowDensWater=   399.99999999980963     
 SnowAlb0=  0.74537178334617238     
 /
