 &InitialConditions
 DaysSinceRain=           0
 Temp_C0=   3.9343786295005852E-002
 GDD_1_0=   0.0000000000000000     
 GDD_2_0=  -45.739583333333329     
 LAIinitialEveTr=   4.0000000000000000     
 LAIinitialDecTr=   1.0000000000000000     
 LAIinitialGrass=   1.6000000000000001     
 AlbEveTr0=  0.11000000000000000     
 AlbDecTr0=  0.12000000000000000     
 AlbGrass0=  0.17999999999999999     
 DecidCap0=  0.29999999999999999     
 Porosity0=  0.59999999999999998     
 SoilStorePavedState=   150.00000000000000     
 SoilStoreBldgsState=   150.00000000000000     
 SoilStoreEveTrState=   148.37806767514519     
 SoilStoreDecTrState=   148.37806767514519     
 SoilStoreGrassState=   148.37912104787685     
 SoilStoreBSoilState=   148.37912104787685     
 PavedState=   6.9599949697285932E-002
 BldgsState=   6.9599949697285932E-002
 EveTrState=   6.9762569550855039E-002
 DecTrState=   6.9762569550855039E-002
 GrassState=   6.9762569550855039E-002
 BSoilState=   6.9762569550855039E-002
 WaterState=   20000.000000000000     
 /
