 &InitialConditions
 DaysSinceRain=           0
 Temp_C0=  -8.8501742160278701E-002
 GDD_1_0=   0.0000000000000000     
 GDD_2_0=  -59.927083333333336     
 LAIinitialEveTr=   4.0000000000000000     
 LAIinitialDecTr=   1.0000000000000000     
 LAIinitialGrass=   1.6000000000000001     
 AlbEveTr0=  0.11000000000000000     
 AlbDecTr0=  0.12000000000000000     
 AlbGrass0=  0.17999999999999999     
 DecidCap0=  0.29999999999999999     
 Porosity0=  0.59999999999999998     
 SoilStorePavedState=   150.00000000000000     
 SoilStoreBldgsState=   150.00000000000000     
 SoilStoreEveTrState=   150.00000000000000     
 SoilStoreDecTrState=   150.00000000000000     
 SoilStoreGrassState=   150.00000000000000     
 SoilStoreBSoilState=   150.00000000000000     
 PavedState=   0.0000000000000000     
 BldgsState=   0.0000000000000000     
 EveTrState=  0.12603281020066173     
 DecTrState=   6.5532012383560892E-002
 GrassState=  0.17375765447807770     
 BSoilState=   9.2185754909655318E-002
 WaterState=   20000.000000000000     
 /
